[0.8168, 0.968, 1.05193, 0.9472, 0.911848, 0.9728, 0.961239, 1.01831, 0.989034, 1.01064, 0.981835, 0.872229, 0.966925, 0.929358, 0.910062, 0.931032, 
0.955733, 0.977563, 0.984615, 0.974933, 0.948974, 0.995019, 0.898537, 0.962207, 0.967299, 
0.977676, 0.947395, 0.976565, 0.947745, 0.935627, 0.978564, 0.922256, 0.962942, 0.900627, 0.919804, 0.943709, 0.958373, 
0.950778, 0.943581, 0.97489, 0.919053, 0.945957, 0.950718, 0.922074, 0.949401, 0.935646, 0.918054, 0.940692, 0.918201,
0.932007, 0.924864, 0.982, 0.941217, 0.971645, 0.933314, 0.928649, 0.954762, 0.923032, 1.00394, 0.946508, 0.950177, 0.955064, 
0.950246, 0.927433, 0.951586, 0.927882, 0.95563, 0.93379, 0.918897, 0.908874, 0.950774, 0.949213, 0.945994, 0.939786, 0.92436, 
0.95074, 0.94552, 0.964576, 0.959574, 0.926255, 0.922366, 0.955145, 0.928078, 0.944492, 0.938626, 0.952849, 0.940845, 0.961527, 
0.965254, 0.92734, 0.92773, 0.938667, 0.931596, 0.926215, 0.934645, 0.939025, 0.946082, 0.962054, 0.93453, 0.936877, 0.937338, 
0.956206, 0.94745, 0.940453, 0.938896, 0.94866, 0.923336, 0.96191, 0.928035, 0.927977, 0.941671, 0.955672, 0.947702, 0.940777, 
0.94312, 0.945422, 0.948918, 0.93558, 0.960585, 0.928301, 0.931993, 0.922445, 0.946236, 0.936561, 0.954249, 0.945155, 0.961521, 
0.940277, 0.934061, 0.941414, 0.948812, 0.95282, 0.965906, 0.946816, 0.948459, 0.948715, 0.933479, 0.936975, 0.942199, 0.936607, 
0.943512, 0.933784, 0.966103, 0.951777, 0.937791, 0.948681, 0.919639, 0.943165, 0.918422, 0.943974, 0.934008, 0.934061, 0.944744, 
0.952881, 0.950554, 0.931893, 0.939431, 0.951955, 0.946326, 0.94527, 0.965066, 0.942817, 0.936373, 0.939922, 0.958394, 0.958419, 
0.948956, 0.92552, 0.954475, 0.943266, 0.95806, 0.933921, 0.940034, 0.958729, 0.953813, 0.94042, 0.942405, 0.944715, 0.951826, 0.936457, 
0.947967, 0.953021, 0.957906, 0.938592, 0.959847, 0.928898, 0.937878, 0.941839, 0.946085, 0.943033, 0.953364, 0.946236, 0.943018, 0.943755, 
0.928349, 0.938807, 0.948322, 0.943929, 0.946503, 0.926124]
